0.833556	0.839767	0.872229	0.904887	0.925513	0.936845	0.940869	0.931302	0.938575	0.942766	0.975851	1.016004	1.059854	1.100007	1.133205
0.776097	0.818409	0.855448	0.882953	0.900775	0.904986	0.901205	0.902344	0.913047	0.950931	0.987036	1.019921	1.060369	1.094563	1.123053
0.703697	0.747070	0.793202	0.824215	0.843992	0.855151	0.858500	0.875073	0.883668	0.900360	0.952341	1.001749	1.043998	1.079519	1.108817
0.900135	0.921278	0.937024	0.944663	0.944357	0.933152	0.943048	0.953818	0.994724	1.035399	1.079394	1.116176	1.146316	1.170463	1.189292
0.765315	0.811982	0.854780	0.886542	0.906821	0.917734	0.921316	0.915474	0.926984	0.930817	0.963463	1.010677	1.057477	1.096773	1.129155
0.791564	0.820251	0.843886	0.857973	0.864248	0.864256	0.877571	0.915381	0.951330	0.982693	1.011756	1.045997	1.077663	1.104390	1.126555
0.811714	0.841369	0.863713	0.877227	0.883196	0.886478	0.898328	0.903746	0.935654	0.988442	1.034984	1.074296	1.107055	1.133677	1.154735
0.762563	0.802319	0.833781	0.854276	0.866415	0.864428	0.875981	0.885624	0.913166	0.951641	0.998731	1.040075	1.075145	1.104356	1.128195
0.790257	0.832154	0.864291	0.884658	0.896007	0.898396	0.899018	0.909453	0.920004	0.960724	1.007749	1.051851	1.088959	1.119790	1.144777
0.811938	0.856304	0.893992	0.918148	0.931771	0.937220	0.936260	0.939173	0.944760	0.946073	0.994817	1.043647	1.088255	1.125227	1.155191
0.826912	0.865273	0.894885	0.912377	0.916179	0.912861	0.911318	0.922582	0.961011	0.997096	1.027544	1.066506	1.100987	1.129586	1.152939
0.815668	0.864168	0.908224	0.938668	0.957402	0.967034	0.965700	0.953853	0.955092	0.962990	1.004432	1.039583	1.076153	1.114908	1.146908
0.778851	0.830161	0.873027	0.901735	0.919384	0.928494	0.924276	0.919425	0.929814	0.951316	0.990346	1.027554	1.070400	1.106374	1.136007
0.804843	0.840922	0.866242	0.879600	0.883937	0.883068	0.900780	0.940977	0.976272	1.006775	1.036722	1.072299	1.102374	1.127461	1.147863
0.803489	0.823418	0.845090	0.876260	0.911741	0.942446	0.970484	0.995613	1.017455	1.040670	1.068311	1.093151	1.114176	1.131647	1.145835
0.802589	0.833026	0.855795	0.869698	0.870008	0.875108	0.887253	0.908018	0.947054	0.990390	1.033174	1.069663	1.100185	1.125221	1.145269
0.881313	0.909259	0.929309	0.934485	0.932173	0.924156	0.932314	0.963280	1.000650	1.032640	1.062490	1.098885	1.129237	1.154020	1.173878
0.876939	0.894659	0.905930	0.906556	0.905580	0.916479	0.927949	0.968459	1.011497	1.055928	1.093311	1.124247	1.149399	1.169159	1.184104
0.755113	0.791053	0.842008	0.876145	0.897098	0.907747	0.910418	0.906810	0.931251	0.970708	1.004229	1.033183	1.057474	1.085269	1.114680
0.787869	0.819089	0.842611	0.856995	0.863810	0.873724	0.884904	0.890964	0.926507	0.980460	1.026691	1.065902	1.098493	1.125025	1.146065
0.780601	0.825922	0.859333	0.878847	0.887860	0.888879	0.890477	0.907713	0.947783	0.982782	1.012711	1.047499	1.082037	1.111086	1.135110
0.695528	0.743810	0.782704	0.809091	0.825895	0.829442	0.844531	0.856892	0.877403	0.919593	0.967331	1.009970	1.046432	1.077154	1.102589
0.760995	0.804694	0.836796	0.855565	0.864300	0.865410	0.876647	0.897432	0.936461	0.970621	1.002650	1.041558	1.075096	1.103287	1.126545
0.770290	0.822510	0.864692	0.893145	0.910850	0.915007	0.910600	0.911233	0.921337	0.957774	0.994228	1.027456	1.068192	1.102503	1.130887
0.814766	0.848443	0.871876	0.883925	0.887363	0.889005	0.917109	0.955452	0.989067	1.018023	1.045721	1.079946	1.108806	1.132867	1.152398
0.745806	0.793512	0.832764	0.859076	0.875395	0.883761	0.879059	0.893766	0.900707	0.932625	0.976418	1.023412	1.063349	1.096944	1.124541
0.879795	0.888840	0.892721	0.897312	0.908986	0.912840	0.942802	0.998123	1.045225	1.084743	1.117491	1.143882	1.164524	1.180022	1.191013
0.782633	0.834510	0.879450	0.909759	0.928526	0.938386	0.937070	0.925960	0.937031	0.949093	0.989707	1.026305	1.068674	1.106189	1.137144
0.761066	0.786402	0.809482	0.824054	0.831608	0.848118	0.859200	0.866246	0.917376	0.968722	1.012889	1.050378	1.081705	1.107388	1.127953
0.755541	0.777862	0.811162	0.833454	0.841820	0.847825	0.864882	0.874642	0.911455	0.953569	1.000082	1.040047	1.073828	1.101900	1.124751
0.800573	0.823913	0.840627	0.849370	0.861234	0.873866	0.881118	0.910627	0.965686	1.013095	1.053370	1.086987	1.114505	1.136485	1.153493
0.849309	0.880982	0.904196	0.917686	0.919177	0.911326	0.921114	0.929079	0.970290	1.005416	1.047641	1.086416	1.118717	1.145166	1.166315
0.802084	0.837702	0.864401	0.876330	0.879321	0.878100	0.893616	0.917269	0.955767	0.988800	1.029938	1.067161	1.098604	1.124609	1.145621
0.783791	0.757219	0.784065	0.831355	0.863747	0.884413	0.893407	0.891123	0.895370	0.906086	0.934820	0.972502	1.011327	1.053142	1.088459
0.801081	0.832577	0.854140	0.864878	0.867521	0.886157	0.925910	0.961637	0.992770	1.020786	1.057209	1.088582	1.114915	1.136532	1.153875
0.790291	0.820885	0.843464	0.856837	0.859567	0.873505	0.883349	0.899238	0.943198	0.993463	1.036564	1.073055	1.103346	1.127964	1.147445
0.770058	0.797000	0.816999	0.828569	0.839271	0.856996	0.866039	0.883625	0.940740	0.990153	1.032305	1.067742	1.097016	1.120674	1.139272
0.817562	0.870066	0.912955	0.941244	0.958240	0.966531	0.962524	0.949994	0.956429	0.969966	1.010349	1.044636	1.083312	1.120857	1.151733
0.730580	0.782540	0.825895	0.854996	0.873238	0.880675	0.876760	0.890348	0.898322	0.933851	0.970681	1.017500	1.057468	1.091231	1.119159
0.810441	0.833867	0.850360	0.855741	0.863454	0.876326	0.887319	0.927937	0.976406	1.020830	1.058695	1.090414	1.116487	1.137422	1.153750
0.687331	0.716001	0.737389	0.766142	0.790566	0.828654	0.864918	0.902679	0.937660	0.974697	1.007302	1.035658	1.059998	1.080582	1.097691
0.639610	0.695063	0.742157	0.779213	0.804491	0.820532	0.827652	0.843209	0.855111	0.868183	0.916318	0.966446	1.009723	1.046607	1.077569
0.837201	0.865876	0.886675	0.898422	0.901889	0.901242	0.912203	0.917879	0.959318	1.005770	1.050904	1.088890	1.120386	1.145968	1.166085
0.802301	0.851036	0.892525	0.920176	0.936975	0.944732	0.938332	0.929309	0.940265	0.965841	1.004201	1.037804	1.077936	1.113676	1.143109
0.770314	0.791396	0.805895	0.813637	0.832711	0.854533	0.869517	0.890750	0.944997	0.996289	1.039613	1.075591	1.104852	1.128771	1.147335
0.652718	0.649939	0.665673	0.703142	0.727724	0.742324	0.771084	0.796653	0.824904	0.849438	0.893954	0.945665	0.989868	1.027130	1.058020
0.779029	0.795270	0.808184	0.827888	0.840702	0.861213	0.913813	0.962704	1.004917	1.040894	1.071101	1.096014	1.116118	1.131924	1.143928
0.925028	0.950883	0.967976	0.975164	0.974537	0.967751	0.968545	1.012733	1.047379	1.076964	1.101763	1.121680	1.145816	1.170699	1.190655
0.760377	0.794271	0.833966	0.860254	0.876049	0.883648	0.903110	0.940438	0.975024	1.004539	1.030346	1.052504	1.071496	1.097416	1.121630
0.911111	0.920510	0.920575	0.911713	0.917606	0.930849	0.971158	1.005707	1.044287	1.082303	1.114115	1.140326	1.161400	1.177788	1.190015
0.718192	0.762906	0.799911	0.825239	0.836127	0.839111	0.851328	0.864439	0.896018	0.933082	0.974251	1.015691	1.051246	1.081306	1.106286
0.753674	0.811354	0.861814	0.896389	0.918394	0.930787	0.934420	0.924876	0.931709	0.936660	0.974664	1.011626	1.054541	1.094053	1.126847
0.760396	0.774307	0.788769	0.797276	0.819173	0.831847	0.846472	0.899210	0.948906	0.991919	1.028695	1.059697	1.085389	1.106249	1.122775
0.753751	0.788715	0.815350	0.832065	0.841153	0.854067	0.866406	0.873961	0.911427	0.964882	1.010985	1.050151	1.082911	1.109796	1.131346
0.817525	0.809769	0.832431	0.848960	0.881074	0.909864	0.926774	0.944748	1.000849	1.050033	1.090994	1.124345	1.150790	1.171012	1.185667
0.784681	0.831350	0.869341	0.895055	0.907646	0.909168	0.904326	0.910442	0.929095	0.968573	1.002727	1.034822	1.073374	1.105829	1.132716
0.683721	0.714771	0.740403	0.757165	0.778918	0.796935	0.813495	0.852695	0.902557	0.947769	0.987119	1.020964	1.049677	1.073659	1.093331
0.785245	0.819051	0.844873	0.858541	0.863222	0.881750	0.918260	0.954662	0.986505	1.013977	1.050526	1.082854	1.110080	1.132501	1.150558
0.842520	0.889403	0.927598	0.952151	0.966188	0.972062	0.965487	0.952367	0.961800	0.981559	1.020985	1.057344	1.097023	1.133086	1.162505
0.839814	0.876501	0.904011	0.920686	0.928997	0.925408	0.923364	0.932373	0.951475	0.990784	1.032093	1.075133	1.111143	1.140677	1.164472
0.884493	0.851998	0.853981	0.862268	0.872561	0.889641	0.896653	0.908806	0.964875	1.016710	1.060480	1.097022	1.126525	1.149894	1.167759
0.772592	0.817494	0.850980	0.870827	0.880369	0.882032	0.888804	0.921049	0.958404	0.991071	1.019006	1.050683	1.083629	1.111427	1.134452
0.728074	0.773917	0.819236	0.849723	0.868970	0.879646	0.876743	0.888867	0.897173	0.924294	0.963513	1.011824	1.053067	1.087901	1.116729
0.832979	0.847560	0.891697	0.921906	0.940766	0.947884	0.943515	0.933528	0.943168	0.966815	1.005460	1.038166	1.073763	1.110499	1.140879
0.711980	0.758809	0.809894	0.845101	0.867967	0.881460	0.881482	0.884427	0.896465	0.915384	0.954735	0.996787	1.040027	1.076708	1.107402
0.887859	0.902682	0.912042	0.914709	0.911038	0.921051	0.924983	0.967100	1.016011	1.060545	1.097892	1.128715	1.153635	1.173095	1.187684
0.800339	0.834628	0.860255	0.875866	0.881024	0.878778	0.893100	0.899894	0.941341	0.983249	1.028585	1.067132	1.099523	1.126113	1.147420
0.740789	0.781229	0.813909	0.835731	0.844338	0.844447	0.860612	0.871178	0.907575	0.945727	0.989653	1.029796	1.064008	1.092712	1.116343
0.792010	0.826788	0.850913	0.863241	0.866770	0.875284	0.893185	0.932900	0.967828	0.998200	1.036478	1.071053	1.100259	1.124422	1.143996
0.829210	0.821101	0.844055	0.856422	0.860833	0.876356	0.885929	0.894649	0.942381	0.993965	1.038041	1.075330	1.106173	1.131133	1.150769
0.779310	0.816491	0.842568	0.856577	0.861532	0.865039	0.880858	0.913000	0.949947	0.982020	1.021315	1.057782	1.088688	1.114409	1.135381
0.813394	0.850037	0.877887	0.894998	0.900527	0.895661	0.905755	0.913172	0.948990	0.985380	1.028635	1.068883	1.102617	1.130538	1.153002
0.778753	0.822163	0.855446	0.875749	0.886004	0.888602	0.913245	0.953156	0.986425	1.015546	1.040589	1.062087	1.091382	1.117617	1.139507
0.703750	0.758069	0.798942	0.823761	0.836802	0.841133	0.854469	0.867704	0.901423	0.938134	0.977301	1.018742	1.054265	1.084273	1.109178
0.863617	0.877726	0.880021	0.881960	0.895891	0.906678	0.947255	0.986987	1.032298	1.070756	1.103029	1.129508	1.150677	1.167080	1.179277
0.719275	0.766450	0.804008	0.826865	0.838226	0.844087	0.863064	0.888969	0.927018	0.960198	0.998989	1.037199	1.069801	1.097184	1.119766
0.772124	0.815263	0.848781	0.870671	0.883283	0.888307	0.889500	0.900630	0.907167	0.948571	0.997757	1.042385	1.080066	1.111468	1.136978
0.691391	0.727644	0.765657	0.791306	0.806233	0.813908	0.838685	0.853496	0.865885	0.901714	0.957277	1.004882	1.045089	1.078479	1.105637
0.917300	0.939929	0.955022	0.961858	0.955501	0.944195	0.954112	0.974667	1.013924	1.049871	1.089971	1.126091	1.155645	1.179203	1.197493
0.653653	0.695423	0.727742	0.749113	0.774554	0.797065	0.811597	0.831624	0.884769	0.935353	0.979115	1.016519	1.048044	1.074178	1.095414
0.897460	0.881276	0.874899	0.879817	0.887008	0.921989	0.947900	0.960677	0.992939	1.049114	1.095485	1.133238	1.163594	1.187048	1.204297
0.857903	0.892878	0.919273	0.935252	0.938777	0.932512	0.927247	0.937401	0.972506	1.009241	1.040935	1.080125	1.114623	1.143033	1.165927
0.830122	0.856346	0.875042	0.885058	0.888284	0.896413	0.904089	0.914887	0.960777	1.011681	1.054990	1.091360	1.121392	1.145529	1.164348
0.784124	0.802185	0.818337	0.827107	0.841182	0.860499	0.867891	0.893274	0.950420	0.999564	1.041232	1.075990	1.104417	1.127089	1.144589
0.786677	0.804248	0.815788	0.834788	0.851371	0.860191	0.883851	0.940990	0.990295	1.032247	1.067408	1.096347	1.119631	1.137829	1.151517
0.882111	0.895187	0.905656	0.909856	0.899864	0.911189	0.917129	0.958660	0.998531	1.043416	1.081425	1.113159	1.139169	1.159872	1.175819
0.789332	0.833192	0.867169	0.888434	0.899679	0.903071	0.900220	0.921833	0.961728	0.995570	1.024848	1.049549	1.077600	1.107430	1.132301
0.911942	0.941208	0.962689	0.974147	0.977662	0.972228	0.963094	0.969251	0.986743	1.026728	1.068119	1.110835	1.146209	1.174772	1.197132
0.727472	0.772897	0.819412	0.851389	0.868846	0.875183	0.874144	0.885592	0.898111	0.938512	0.973668	1.010861	1.050438	1.084084	1.112187
0.898155	0.916790	0.928571	0.932957	0.922882	0.931744	0.936121	0.972842	1.012215	1.056686	1.096139	1.128799	1.155284	1.176291	1.192224
0.811747	0.847409	0.875740	0.893006	0.907226	0.927997	0.959508	0.994411	1.023242	1.048426	1.070083	1.087987	1.106874	1.131062	1.151151
0.738210	0.774117	0.801497	0.818685	0.824173	0.844171	0.856146	0.872795	0.920527	0.970460	1.013504	1.050118	1.080786	1.105998	1.126255
0.798865	0.845592	0.881894	0.905166	0.918435	0.923923	0.920057	0.927137	0.932104	0.954190	0.998076	1.045714	1.087217	1.121626	1.149618
0.708073	0.758864	0.805367	0.837046	0.857346	0.864554	0.862745	0.878399	0.887428	0.924857	0.961509	1.007225	1.047146	1.080965	1.109077
0.768494	0.789501	0.811265	0.827944	0.837437	0.845011	0.859708	0.867940	0.898220	0.951957	0.998667	1.038561	1.072143	1.099920	1.122406
0.871890	0.876374	0.900879	0.914003	0.917644	0.913880	0.924911	0.958119	0.995209	1.027066	1.054797	1.090756	1.121889	1.147433	1.168010
0.746043	0.784760	0.814254	0.833138	0.842273	0.849287	0.863983	0.872512	0.910762	0.960156	1.005636	1.044510	1.077251	1.104345	1.126286
0.943191	0.899834	0.914799	0.956045	0.982588	0.997389	1.002691	1.000417	0.992142	0.985775	1.029176	1.064970	1.094746	1.119700	1.139640
0.864111	0.886156	0.899022	0.902312	0.898537	0.912467	0.941485	0.979117	1.011447	1.043669	1.080840	1.112023	1.137769	1.158579	1.174856
0.770544	0.788810	0.800111	0.820597	0.834706	0.844510	0.893935	0.945014	0.989320	1.027280	1.059351	1.085999	1.107702	1.124955	1.138261
0.701437	0.747414	0.781130	0.801333	0.811503	0.823391	0.841183	0.864234	0.902703	0.942052	0.984536	1.022345	1.054715	1.082013	1.104641
0.761474	0.805025	0.843376	0.870989	0.888719	0.894715	0.890681	0.896718	0.906138	0.942466	0.978865	1.017943	1.058196	1.092187	1.120524
0.782001	0.817560	0.848292	0.868356	0.879414	0.883274	0.894313	0.902660	0.906805	0.948506	1.002011	1.047541	1.085776	1.117371	1.142781
0.840606	0.877520	0.905223	0.918584	0.922336	0.918881	0.918124	0.934258	0.974483	1.009382	1.038765	1.074406	1.108097	1.135990	1.158651
0.821821	0.849979	0.869218	0.878496	0.880047	0.881899	0.898510	0.938686	0.973775	1.003923	1.039310	1.074022	1.103405	1.127745	1.147471
0.863046	0.896756	0.920119	0.931657	0.934062	0.929539	0.930882	0.964002	1.001366	1.033662	1.060691	1.090577	1.122326	1.148503	1.169573
0.780462	0.806614	0.823353	0.829317	0.837609	0.853791	0.874712	0.913569	0.953852	0.997319	1.034815	1.066718	1.093432	1.115383	1.133028
0.754044	0.780358	0.817348	0.840427	0.853834	0.882205	0.922050	0.955244	0.984988	1.011273	1.033739	1.057799	1.086571	1.111085	1.131532
0.741107	0.778613	0.804744	0.818700	0.838098	0.859732	0.898840	0.933801	0.965226	1.003114	1.039122	1.069877	1.095742	1.117117	1.134415
0.728925	0.787427	0.837358	0.877097	0.904371	0.921131	0.928830	0.922683	0.919358	0.929298	0.957874	0.995711	1.031203	1.072938	1.107982
0.785713	0.814527	0.865122	0.898850	0.919229	0.929103	0.930827	0.926174	0.930500	0.973460	1.008863	1.039350	1.064947	1.090907	1.121493
0.804118	0.846401	0.880147	0.901635	0.913786	0.914859	0.907302	0.920223	0.929740	0.970729	1.008592	1.053257	1.091284	1.122809	1.148561
0.782629	0.824676	0.861748	0.892259	0.913086	0.925164	0.925096	0.916116	0.924773	0.936667	0.977194	1.011750	1.052417	1.090491	1.122186
0.734459	0.771538	0.797538	0.818853	0.855140	0.892114	0.926049	0.956345	0.984220	1.017885	1.050447	1.078279	1.101717	1.121109	1.136808
0.785361	0.824905	0.860344	0.885296	0.901004	0.905515	0.899491	0.906751	0.914430	0.953450	0.989387	1.030246	1.069826	1.103047	1.130583
0.785532	0.825584	0.859124	0.881146	0.893522	0.898352	0.900376	0.911655	0.916310	0.944983	0.996861	1.044342	1.084266	1.117359	1.144197
0.720356	0.762023	0.800129	0.825747	0.841192	0.848288	0.862275	0.877670	0.884145	0.908358	0.965876	1.015171	1.056956	1.091516	1.119599
0.757432	0.776697	0.800358	0.823840	0.860705	0.896961	0.929179	0.958611	0.984715	1.008624	1.037293	1.066425	1.091353	1.112346	1.129701
0.733834	0.775670	0.806022	0.822841	0.829836	0.845441	0.859647	0.891520	0.928552	0.968099	1.010096	1.046183	1.076755	1.102220	1.123021
0.755827	0.801554	0.837278	0.860580	0.874415	0.877874	0.881115	0.893026	0.904762	0.945299	0.991875	1.035970	1.073394	1.104645	1.130164
0.733185	0.779555	0.813706	0.833745	0.843060	0.850407	0.867779	0.898520	0.935740	0.968237	1.007619	1.044839	1.076512	1.103025	1.124807
0.837162	0.865092	0.885306	0.896631	0.899379	0.900987	0.911211	0.919047	0.960366	1.007913	1.052597	1.090165	1.121309	1.146544	1.166346
0.881251	0.905446	0.918999	0.922627	0.918898	0.920330	0.933571	0.974159	1.009368	1.039366	1.077495	1.111217	1.139039	1.161564	1.179313
0.802747	0.841213	0.872351	0.891863	0.902442	0.906020	0.906446	0.916258	0.920341	0.962162	1.010857	1.056074	1.094015	1.125362	1.150709
0.787113	0.823688	0.849532	0.864053	0.869434	0.893960	0.933686	0.967947	0.998218	1.024118	1.051162	1.082855	1.109703	1.132039	1.150197
0.761512	0.811298	0.851769	0.879583	0.893523	0.896918	0.893647	0.900533	0.917977	0.957654	0.992084	1.024494	1.063438	1.096347	1.123807
0.821329	0.852494	0.880381	0.903723	0.916933	0.919646	0.916072	0.909829	0.926140	0.966614	1.001533	1.031319	1.063335	1.097435	1.125894
0.898859	0.926472	0.952156	0.967171	0.973364	0.972612	0.960308	0.967863	0.968665	1.006296	1.050881	1.095447	1.133974	1.165317	1.190106
0.743403	0.762526	0.787857	0.808842	0.837779	0.875337	0.914878	0.955444	0.993775	1.027007	1.055440	1.079416	1.099299	1.115458	1.128258
0.701831	0.754768	0.797459	0.826547	0.840729	0.846089	0.851277	0.867440	0.891272	0.929632	0.966095	1.008520	1.045826	1.077477	1.103882
0.846220	0.875975	0.900446	0.914494	0.920718	0.920722	0.929200	0.934934	0.936332	0.982093	1.033522	1.078802	1.116387	1.146944	1.171303
0.782786	0.823930	0.855273	0.875119	0.886173	0.886446	0.893214	0.902364	0.920213	0.960350	1.008890	1.051663	1.087706	1.117622	1.141816
0.727887	0.778042	0.819045	0.846627	0.864170	0.872402	0.868103	0.884250	0.892042	0.928183	0.969715	1.015980	1.055538	1.088871	1.116397
0.783904	0.836934	0.883505	0.917367	0.939221	0.951475	0.948750	0.940148	0.939567	0.954680	0.994971	1.029581	1.060425	1.098137	1.130504
0.706913	0.720400	0.786846	0.834243	0.865496	0.883905	0.892460	0.893351	0.891499	0.910071	0.950074	0.984935	1.014904	1.046360	1.081064
0.763287	0.780654	0.831198	0.866422	0.889418	0.898689	0.898279	0.895091	0.908808	0.935010	0.973125	1.005572	1.046705	1.083144	1.113612
0.904817	0.935984	0.959168	0.972464	0.973564	0.964624	0.951731	0.961696	0.998092	1.034702	1.065306	1.099783	1.134158	1.162293	1.184718
0.774156	0.825554	0.867237	0.895266	0.912620	0.917119	0.912305	0.912763	0.922644	0.958363	0.994950	1.028852	1.069628	1.103942	1.132297
0.876628	0.914980	0.943666	0.960879	0.969191	0.968826	0.955514	0.959951	0.963925	1.005917	1.043011	1.083145	1.121754	1.153467	1.178869
0.694704	0.715690	0.734213	0.756787	0.786984	0.809504	0.833274	0.873517	0.924924	0.969344	1.007254	1.039143	1.065509	1.086855	1.103700
0.857287	0.787972	0.818084	0.835289	0.842152	0.859002	0.872328	0.901245	0.938643	0.978774	1.021523	1.058117	1.088884	1.114282	1.134794
0.767178	0.822048	0.869622	0.907278	0.934259	0.949013	0.950957	0.946172	0.936214	0.944800	0.984571	1.020459	1.051000	1.078389	1.113354
0.825509	0.859122	0.883488	0.896491	0.900678	0.902032	0.946090	0.981743	1.013029	1.040058	1.062602	1.090302	1.118261	1.141437	1.160409
0.793321	0.840183	0.877142	0.900671	0.913041	0.916819	0.913979	0.952538	0.989976	1.021639	1.049023	1.071956	1.093581	1.122162	1.145887
0.938714	0.964092	0.981170	0.988620	0.988347	0.981878	0.970524	0.998355	1.037714	1.069871	1.097003	1.119109	1.139724	1.166598	1.188443
0.769690	0.772437	0.794733	0.810838	0.824828	0.871713	0.920193	0.962667	0.999466	1.030946	1.057489	1.079498	1.097401	1.111621	1.122569
0.775449	0.808249	0.844193	0.867841	0.876774	0.877389	0.884035	0.895966	0.925835	0.963284	1.000602	1.042602	1.078267	1.108171	1.132650
0.720883	0.756217	0.789637	0.812109	0.825665	0.832188	0.853792	0.863891	0.871069	0.925600	0.977248	1.021450	1.058751	1.089710	1.114877
0.756043	0.794068	0.828061	0.848337	0.857872	0.859994	0.865254	0.879435	0.916041	0.952116	0.985668	1.024963	1.060330	1.090249	1.115120
0.793584	0.834675	0.882661	0.916525	0.935661	0.943144	0.942580	0.935868	0.936119	0.966984	1.004733	1.037175	1.064219	1.096137	1.127568
0.743507	0.772595	0.800508	0.821136	0.833665	0.838341	0.854786	0.864765	0.882149	0.934181	0.983121	1.025138	1.060721	1.090369	1.114586
0.756856	0.804669	0.842044	0.865846	0.879148	0.884368	0.889766	0.933047	0.968196	0.999085	1.025970	1.048654	1.075214	1.103492	1.127284
0.758295	0.780679	0.801292	0.814124	0.823659	0.841781	0.852012	0.871526	0.926747	0.975458	1.017284	1.052719	1.082263	1.106421	1.125706
0.769660	0.804200	0.831854	0.849422	0.858271	0.862048	0.883427	0.890525	0.899780	0.956364	1.008098	1.051963	1.088446	1.118249	1.141984
0.864669	0.837084	0.872455	0.907026	0.929509	0.942304	0.940546	0.932367	0.936593	0.947981	0.988776	1.023637	1.058354	1.097363	1.129820
0.831422	0.839316	0.895122	0.935613	0.962737	0.974985	0.977978	0.973733	0.963937	0.961877	1.003747	1.039828	1.070554	1.095881	1.122273
0.948784	0.879778	0.870958	0.873433	0.871542	0.893378	0.910988	0.924977	0.967904	1.027002	1.075310	1.114599	1.145902	1.170106	1.188034
0.909370	0.923389	0.926071	0.920403	0.923115	0.931479	0.968554	1.004871	1.040151	1.080763	1.114758	1.142654	1.165146	1.182664	1.195727
0.796146	0.836645	0.874519	0.905884	0.929045	0.942618	0.948316	0.941024	0.937350	0.944823	0.972069	1.010173	1.049750	1.091191	1.125697
0.736474	0.775065	0.802327	0.817230	0.841049	0.880895	0.916846	0.949049	0.977186	1.010185	1.044482	1.073848	1.098621	1.119163	1.135844
0.783665	0.809385	0.841072	0.864064	0.877643	0.883826	0.887473	0.899131	0.904874	0.939382	0.989983	1.036437	1.075632	1.108341	1.134918
0.845112	0.897527	0.946901	0.984347	1.007825	1.020479	1.024741	1.022400	1.005585	1.001062	1.002282	1.041106	1.079483	1.117243	1.155190
0.707924	0.761788	0.803439	0.829964	0.844910	0.851162	0.864182	0.902402	0.938564	0.970506	0.998159	1.029482	1.062689	1.090961	1.114645
0.716071	0.768776	0.811990	0.841047	0.859304	0.869251	0.867367	0.883468	0.891333	0.918300	0.964603	1.012411	1.053211	1.087545	1.115837
0.755673	0.789150	0.814292	0.825593	0.829637	0.849144	0.860366	0.894300	0.935172	0.982052	1.022536	1.057033	1.085978	1.109820	1.129029
0.675738	0.713429	0.741951	0.758638	0.780055	0.806640	0.824768	0.850383	0.888500	0.942623	0.988994	1.028179	1.060755	1.087301	1.108401
0.883162	0.893904	0.899414	0.899252	0.912585	0.917486	0.924771	0.981451	1.032003	1.074599	1.109989	1.138832	1.161621	1.178971	1.191507
0.850720	0.887142	0.917956	0.936927	0.946482	0.948667	0.941616	0.948528	0.951295	0.978318	1.023764	1.070515	1.110857	1.143985	1.170513
0.927043	0.943763	0.963743	0.975211	0.978662	0.975707	0.965043	0.970921	0.983698	1.025803	1.068903	1.112020	1.147615	1.176313	1.198737
0.723800	0.770607	0.805592	0.826836	0.837905	0.841212	0.860775	0.893315	0.930022	0.962339	0.995155	1.032594	1.064942	1.092305	1.115064
0.732594	0.772007	0.812385	0.839126	0.855638	0.861360	0.867049	0.880281	0.889083	0.930074	0.977394	1.022226	1.060485	1.092519	1.118832
0.879771	0.903955	0.934845	0.954717	0.962390	0.958892	0.949387	0.951814	0.971139	1.010700	1.044412	1.075795	1.112331	1.143919	1.169504
0.704076	0.761152	0.806159	0.835272	0.852314	0.860231	0.862170	0.888431	0.927172	0.961400	0.991367	1.019384	1.053286	1.083798	1.109482
0.887834	0.874547	0.875744	0.889042	0.911382	0.938234	0.963129	0.986162	1.007592	1.026916	1.043805	1.060557	1.081594	1.103240	1.121678
0.819972	0.845380	0.873283	0.891861	0.901849	0.904538	0.910749	0.919190	0.922369	0.958389	1.012025	1.058364	1.097088	1.128969	1.154573
0.825182	0.851722	0.869108	0.873864	0.871621	0.886267	0.899033	0.939340	0.974190	1.015533	1.054503	1.087583	1.115069	1.137426	1.155156
0.879428	0.850813	0.873199	0.893098	0.899992	0.898264	0.903508	0.913814	0.942460	0.980063	1.017694	1.059931	1.095505	1.124995	1.148988
0.757035	0.798422	0.830690	0.848231	0.855376	0.855262	0.871763	0.887033	0.926844	0.961504	1.002377	1.041450	1.074683	1.102495	1.125319
0.687286	0.744104	0.788849	0.818431	0.836366	0.845385	0.849400	0.875722	0.914359	0.948622	0.978714	1.008239	1.042227	1.073021	1.099089
0.706140	0.742139	0.785105	0.814171	0.832510	0.837448	0.850681	0.863752	0.879061	0.919219	0.968231	1.012160	1.049655	1.081182	1.107219
0.831466	0.857836	0.877025	0.887473	0.890041	0.895862	0.904441	0.916974	0.959829	1.010134	1.053387	1.089760	1.119876	1.144159	1.163165
0.954440	0.937722	0.948477	0.948351	0.941517	0.942787	0.950262	0.985792	1.022235	1.057698	1.096819	1.131188	1.159177	1.181349	1.198513
0.815140	0.853078	0.881641	0.899235	0.908379	0.906872	0.910434	0.918781	0.936569	0.976746	1.023213	1.066097	1.102005	1.131604	1.155456
0.759852	0.795395	0.822716	0.839993	0.849573	0.855823	0.869987	0.877829	0.909852	0.962835	1.009242	1.048783	1.081963	1.109301	1.131315
0.707605	0.753117	0.793508	0.821041	0.838567	0.848324	0.853482	0.867993	0.876035	0.910080	0.961573	1.007637	1.046939	1.079976	1.107247
0.810603	0.838720	0.862045	0.875698	0.880420	0.884188	0.902739	0.907781	0.920746	0.979884	1.030825	1.073653	1.109214	1.137912	1.160309
0.793104	0.837998	0.874040	0.894844	0.904073	0.904850	0.899312	0.913788	0.944292	0.981648	1.013628	1.048227	1.084672	1.115180	1.140340
0.769284	0.806724	0.835858	0.854614	0.862493	0.859713	0.875718	0.884532	0.921707	0.960330	1.006472	1.046158	1.079712	1.107600	1.130298
0.741076	0.775212	0.800030	0.813815	0.832566	0.870383	0.906659	0.939229	0.967919	0.999402	1.034023	1.063876	1.089254	1.110482	1.127894
0.713296	0.762632	0.800798	0.823889	0.836139	0.840187	0.852451	0.866058	0.902007	0.938273	0.975621	1.016709	1.052016	1.081917	1.106808
0.672891	0.725666	0.772759	0.802356	0.818641	0.825351	0.840779	0.855088	0.881611	0.919626	0.962608	1.005193	1.041786	1.072789	1.098619
0.908183	0.889904	0.926777	0.957172	0.976522	0.982226	0.978177	0.968165	0.963648	0.985965	1.025237	1.058881	1.086812	1.119587	1.151381
0.818333	0.857585	0.889675	0.909920	0.921085	0.919332	0.912724	0.924907	0.940198	0.980226	1.016873	1.060232	1.097488	1.128316	1.153401
0.874900	0.911869	0.945211	0.966383	0.977923	0.978795	0.968107	0.958495	0.966389	1.003698	1.040242	1.072556	1.109274	1.143002	1.170419
0.824771	0.852024	0.871649	0.882418	0.886262	0.893640	0.902064	0.910387	0.955530	1.006943	1.050748	1.087596	1.118081	1.142649	1.161869
0.792717	0.818786	0.837671	0.857225	0.868343	0.872685	0.890118	0.899771	0.906295	0.938030	0.994556	1.042645	1.082938	1.116077	1.142573
0.761178	0.789659	0.824012	0.846345	0.859495	0.859288	0.874288	0.883969	0.907086	0.948283	0.997357	1.039465	1.075126	1.104741	1.128826
0.818358	0.844796	0.864247	0.875089	0.878903	0.890372	0.898382	0.902623	0.951296	1.003397	1.047738	1.085062	1.115849	1.140628	1.159981
0.888455	0.912488	0.930224	0.939374	0.940653	0.928115	0.938725	0.945735	0.987225	1.026348	1.070674	1.108344	1.139353	1.164333	1.183960
0.791725	0.837588	0.871937	0.892484	0.902428	0.904218	0.899753	0.916033	0.956447	0.991532	1.021834	1.048008	1.083375	1.113149	1.137815
0.698717	0.724327	0.743957	0.769049	0.790789	0.808805	0.828278	0.883816	0.933050	0.975736	1.012311	1.043229	1.068949	1.089938	1.106686
0.838682	0.852892	0.858980	0.865104	0.880633	0.889816	0.930571	0.970578	1.016529	1.055789	1.088885	1.116192	1.138219	1.155494	1.168559
0.676880	0.734262	0.780438	0.811962	0.832413	0.844463	0.845732	0.862864	0.872189	0.902705	0.949409	0.996490	1.036855	1.070972	1.099328
0.830538	0.856053	0.872167	0.877973	0.876318	0.893290	0.915146	0.953977	0.987425	1.025618	1.063683	1.095840	1.122556	1.144205	1.161292
0.755031	0.785487	0.811679	0.827974	0.836534	0.853171	0.870239	0.878236	0.898428	0.956949	1.007179	1.049797	1.085222	1.114062	1.136923
0.863084	0.892707	0.914155	0.926256	0.925587	0.916703	0.926860	0.939085	0.979600	1.014025	1.055640	1.093682	1.125288	1.151055	1.171593
0.777055	0.822437	0.861927	0.888623	0.904729	0.912572	0.910815	0.914971	0.922064	0.941114	0.982613	1.030094	1.072369	1.107658	1.136657
0.817352	0.860582	0.895231	0.917100	0.924745	0.924136	0.917333	0.926802	0.953484	0.991578	1.024197	1.056026	1.093110	1.124072	1.149390
0.728415	0.765062	0.796457	0.816728	0.828422	0.837777	0.861021	0.870128	0.881571	0.934189	0.986668	1.031456	1.068989	1.099859	1.124656
0.817408	0.839630	0.859991	0.868611	0.870377	0.867631	0.883856	0.916596	0.953239	0.985029	1.021572	1.057799	1.088581	1.114269	1.135289
0.837018	0.869268	0.922634	0.964482	0.992586	1.009602	1.013987	1.007288	0.995105	0.982661	1.007277	1.046591	1.079999	1.107523	1.134983
0.847464	0.870903	0.887194	0.890795	0.886223	0.901526	0.908421	0.949378	0.986502	1.032000	1.071170	1.103991	1.131035	1.152694	1.169515
0.783747	0.820818	0.849365	0.867070	0.876328	0.878972	0.892306	0.899620	0.911598	0.963567	1.013835	1.056498	1.092326	1.121731	1.145266
0.892783	0.911492	0.918312	0.917302	0.910365	0.922136	0.951475	0.989019	1.021146	1.054433	1.090900	1.121366	1.146355	1.166455	1.182038
0.739450	0.794553	0.840726	0.871816	0.891365	0.902063	0.902499	0.903077	0.913181	0.927612	0.967698	1.013014	1.056568	1.093189	1.123544
0.851861	0.857531	0.861103	0.884873	0.897287	0.909738	0.955867	1.010030	1.056453	1.095578	1.127182	1.152036	1.170851	1.184309	1.193087
0.783624	0.805518	0.818780	0.825219	0.851165	0.866701	0.880669	0.911016	0.968162	1.017016	1.058137	1.092046	1.119377	1.140762	1.156840
0.777723	0.802720	0.821555	0.832534	0.840484	0.856212	0.865127	0.891340	0.945402	0.992885	1.033497	1.067742	1.096127	1.119165	1.137378
0.864010	0.900682	0.928635	0.942315	0.946891	0.944287	0.936142	0.940845	0.983224	1.018855	1.049332	1.074536	1.105972	1.135608	1.159847
0.788036	0.819125	0.840876	0.850367	0.852319	0.862779	0.875431	0.911921	0.948098	0.985429	1.026275	1.061245	1.090736	1.115162	1.134975
0.649056	0.684741	0.715505	0.736624	0.760059	0.784876	0.803593	0.822995	0.873410	0.923671	0.967333	1.004829	1.036607	1.063128	1.084858
0.695751	0.743601	0.781645	0.807325	0.822396	0.824904	0.843144	0.855166	0.881713	0.923930	0.971219	1.012806	1.048351	1.078282	1.103048
0.736308	0.779120	0.819024	0.846037	0.863164	0.872047	0.873856	0.888702	0.895818	0.913668	0.966584	1.015597	1.057241	1.092167	1.120800
0.915670	0.929342	0.936503	0.936972	0.934511	0.950018	0.952039	0.967972	1.020939	1.072600	1.115650	1.150753	1.178379	1.199619	1.215057
0.761496	0.813338	0.856659	0.886029	0.904309	0.914031	0.910316	0.909667	0.919688	0.942668	0.981393	1.021547	1.063977	1.099644	1.129129
0.739404	0.778113	0.805941	0.822357	0.848925	0.888996	0.923486	0.954625	0.982221	1.007790	1.038012	1.067855	1.093312	1.114679	1.132271
0.805354	0.827256	0.840784	0.845710	0.863715	0.898712	0.935145	0.967311	0.997420	1.033172	1.065845	1.093518	1.116567	1.135386	1.150369
0.821662	0.858155	0.904880	0.936450	0.955997	0.966302	0.965233	0.954146	0.954421	0.960793	1.002509	1.037966	1.073342	1.112612	1.145089
0.746053	0.800560	0.846487	0.877748	0.897383	0.908053	0.910205	0.907318	0.917909	0.926965	0.967975	1.013098	1.057502	1.094820	1.125680
0.788487	0.820856	0.851618	0.871757	0.883589	0.887677	0.889345	0.899975	0.909766	0.950675	1.000256	1.044150	1.081237	1.112096	1.137154
0.677718	0.721060	0.760744	0.790106	0.809273	0.820312	0.837006	0.851011	0.859904	0.889221	0.944535	0.992313	1.033048	1.067273	1.095527
0.847374	0.868290	0.915010	0.951316	0.974284	0.987020	0.991798	0.983307	0.967946	0.975807	0.996161	1.035522	1.070542	1.107625	1.143806
0.863716	0.890528	0.912715	0.925805	0.931142	0.925234	0.929292	0.934642	0.962070	1.002364	1.048130	1.088908	1.122764	1.150322	1.172289
0.788650	0.811600	0.854977	0.889014	0.910907	0.922802	0.926883	0.924862	0.933929	0.937851	0.952656	1.002160	1.052285	1.094396	1.129118
0.749431	0.779184	0.802335	0.816582	0.819175	0.838645	0.850151	0.879571	0.925394	0.972359	1.012999	1.047717	1.076934	1.101089	1.120644
0.769300	0.772677	0.821128	0.856746	0.879907	0.892088	0.891441	0.891169	0.904063	0.925429	0.964405	1.000831	1.044148	1.080864	1.111588
0.741921	0.762007	0.774989	0.794290	0.818625	0.837524	0.861173	0.906706	0.958615	1.002946	1.040267	1.071149	1.096166	1.115894	1.130916
0.783741	0.824941	0.856685	0.876831	0.886760	0.884005	0.892266	0.901750	0.930034	0.967719	1.011398	1.052940	1.088015	1.117204	1.140884
0.868403	0.893403	0.910754	0.919564	0.919697	0.918272	0.927171	0.938813	0.979592	1.025541	1.069422	1.106137	1.136268	1.160601	1.179488
0.730358	0.771678	0.808166	0.832767	0.848051	0.854216	0.861103	0.873712	0.883965	0.925452	0.975236	1.019438	1.057061	1.088589	1.114523
0.824998	0.860565	0.886662	0.901508	0.907630	0.906987	0.939828	0.978393	1.010378	1.038148	1.061787	1.081195	1.108973	1.133818	1.154258
0.704162	0.745969	0.780142	0.806542	0.822890	0.831041	0.833593	0.852779	0.881072	0.918390	0.952486	0.989208	1.026788	1.059086	1.086434
0.746292	0.776019	0.800422	0.813311	0.819623	0.842107	0.859161	0.873029	0.903153	0.959825	1.008349	1.049243	1.083108	1.110552	1.132193
0.849441	0.761298	0.797275	0.823572	0.837431	0.843203	0.863376	0.880901	0.920457	0.954964	0.994487	1.034208	1.068078	1.096491	1.119885
0.774771	0.818840	0.851284	0.870270	0.879112	0.880194	0.887330	0.914474	0.952642	0.985999	1.014457	1.049414	1.082614	1.110629	1.133754
0.887754	0.898132	0.915347	0.924957	0.925679	0.920511	0.931400	0.935944	0.977416	1.019296	1.064627	1.103065	1.134709	1.160256	1.180290
0.893258	0.923267	0.944727	0.955846	0.958299	0.954155	0.983689	1.023306	1.054885	1.082015	1.104739	1.123016	1.143170	1.167004	1.186218
0.784465	0.802724	0.822470	0.834960	0.837602	0.851728	0.862322	0.883766	0.929992	0.978250	1.019879	1.055319	1.085023	1.109462	1.129115
0.784661	0.800458	0.822064	0.843508	0.865591	0.901065	0.932648	0.960869	0.986365	1.009022	1.029639	1.053876	1.080150	1.102664	1.121636
0.744570	0.781500	0.807530	0.821443	0.827841	0.848573	0.867930	0.907094	0.942069	0.982383	1.021669	1.055353	1.083811	1.107442	1.126678
0.818930	0.848124	0.869995	0.883127	0.888881	0.888264	0.900353	0.905722	0.943668	0.992945	1.038386	1.076787	1.108842	1.134933	1.155607
0.731268	0.762026	0.785131	0.795397	0.818816	0.834020	0.844494	0.890883	0.942427	0.987188	1.025580	1.058050	1.085069	1.107110	1.124664
0.709421	0.759571	0.805819	0.842007	0.870275	0.888482	0.898682	0.895617	0.898114	0.908039	0.932724	0.971141	1.013839	1.055721	1.091012
0.895763	0.937776	0.973334	0.994811	1.003367	1.003502	0.996962	0.985252	0.986415	1.030217	1.065148	1.094670	1.118865	1.141189	1.168554
0.827483	0.852639	0.868782	0.875459	0.874918	0.888784	0.921555	0.958412	0.990577	1.020026	1.057023	1.088775	1.115412	1.137266	1.154784
0.685255	0.721164	0.751607	0.771451	0.790077	0.814392	0.827999	0.842628	0.892812	0.944787	0.989604	1.027761	1.059768	1.086147	1.107420
0.721842	0.759433	0.788728	0.803107	0.812830	0.833387	0.846097	0.876477	0.920141	0.967662	1.008822	1.044017	1.073675	1.098233	1.118153
0.914701	0.856886	0.846492	0.843714	0.859370	0.880971	0.900388	0.925550	0.981660	1.029313	1.069148	1.102306	1.130257	1.151684	1.167408
0.874731	0.895192	0.909557	0.915781	0.915501	0.922998	0.927979	0.938285	0.987534	1.038187	1.080924	1.116362	1.145274	1.168198	1.185657
0.802091	0.829004	0.851422	0.865041	0.871745	0.873950	0.886322	0.892468	0.932552	0.983216	1.028021	1.066143	1.097960	1.123996	1.144774
0.843681	0.843751	0.886882	0.914936	0.930517	0.936331	0.934618	0.928970	0.967329	1.004240	1.036218	1.063432	1.085748	1.115288	1.142492
0.799212	0.828238	0.855405	0.873055	0.880798	0.877075	0.886353	0.895469	0.930118	0.966737	1.010158	1.050340	1.084458	1.112827	1.135923
0.797232	0.816802	0.843379	0.860363	0.866082	0.871109	0.884790	0.892242	0.932066	0.977685	1.023369	1.062275	1.094902	1.121678	1.143124
0.872074	0.900225	0.923511	0.934606	0.936273	0.930931	0.932416	0.951082	0.990780	1.025051	1.054190	1.090559	1.123394	1.150336	1.171921
0.836624	0.867840	0.892454	0.907093	0.907981	0.901644	0.914615	0.924296	0.965232	1.000403	1.043316	1.082093	1.114426	1.140990	1.162222
0.816428	0.854784	0.888012	0.909934	0.922456	0.924809	0.915743	0.924570	0.930546	0.972102	1.007838	1.051032	1.089759	1.121960	1.148267
0.848207	0.878888	0.908036	0.926688	0.936150	0.938350	0.930006	0.940509	0.943328	0.976211	1.022302	1.069147	1.108360	1.140547	1.166398
0.693318	0.727977	0.755341	0.784674	0.804806	0.829354	0.868776	0.913037	0.957327	0.995933	1.029181	1.057427	1.081055	1.100476	1.116097
0.812088	0.839819	0.862972	0.876705	0.879907	0.885123	0.896489	0.906505	0.947179	0.994603	1.039189	1.076893	1.108367	1.133981	1.154282
0.630037	0.693392	0.742892	0.774647	0.793549	0.802925	0.825083	0.842197	0.881626	0.917485	0.955376	0.995722	1.030710	1.060649	1.085885
0.722223	0.766741	0.801737	0.824933	0.839080	0.842742	0.857883	0.868522	0.886933	0.932635	0.982044	1.024546	1.060613	1.090731	1.115396
0.731496	0.778546	0.818774	0.846259	0.863746	0.867598	0.864342	0.881066	0.893681	0.934007	0.970407	1.014609	1.053175	1.085784	1.112849
0.758554	0.779676	0.824736	0.858238	0.879656	0.891901	0.892525	0.894513	0.905579	0.920678	0.960626	1.004697	1.048417	1.085293	1.116030
0.705996	0.717256	0.749171	0.768404	0.779611	0.803023	0.826814	0.846948	0.870295	0.919190	0.971005	1.015032	1.051872	1.082123	1.106398
0.786467	0.832952	0.868093	0.889296	0.899795	0.902027	0.897930	0.909076	0.944834	0.981257	1.012777	1.040484	1.076917	1.107641	1.133162
0.759607	0.803277	0.835070	0.853441	0.861772	0.862530	0.877047	0.900592	0.938998	0.972618	1.006202	1.044704	1.077620	1.105234	1.127966
0.815957	0.828825	0.836360	0.849431	0.870659	0.880067	0.896896	0.953332	1.004655	1.048163	1.084306	1.113703	1.136978	1.154760	1.167681
0.918863	0.914213	0.909107	0.913286	0.924978	0.929505	0.945815	1.000781	1.052238	1.095258	1.130487	1.158852	1.180780	1.196919	1.207955
0.855993	0.886781	0.915205	0.930992	0.936469	0.934103	0.928639	0.951159	0.990567	1.024817	1.053788	1.080805	1.114697	1.142787	1.165539
0.742342	0.763504	0.781869	0.792592	0.809601	0.833740	0.852776	0.875574	0.917584	0.971217	1.016797	1.054937	1.086299	1.112673	1.133190
0.801686	0.840590	0.871588	0.892039	0.899202	0.897176	0.895867	0.908332	0.940137	0.977258	1.009181	1.050776	1.086125	1.115700	1.139973
0.714588	0.747850	0.775931	0.803870	0.833028	0.870806	0.905000	0.939526	0.977956	1.013987	1.045070	1.071518	1.093685	1.111931	1.126618
0.790486	0.815729	0.831353	0.837602	0.838688	0.857052	0.877322	0.916098	0.952863	0.993209	1.031333	1.063922	1.091352	1.114028	1.132386
0.699256	0.719951	0.736831	0.762838	0.786337	0.824082	0.862501	0.899315	0.933666	0.970326	1.002717	1.030988	1.055338	1.076008	1.093262
0.681078	0.727685	0.769664	0.799823	0.819479	0.830856	0.841518	0.857008	0.866005	0.889447	0.945083	0.993226	1.034338	1.068938	1.097558
0.782545	0.814081	0.837788	0.852003	0.858793	0.870383	0.880767	0.886937	0.930397	0.982878	1.027922	1.066077	1.097793	1.123617	1.144106
0.995684	1.012830	1.031496	1.046251	1.052337	1.049510	1.032631	1.011986	1.017096	1.057330	1.093694	1.124402	1.155883	1.188095	1.214457
0.739519	0.783928	0.819725	0.841142	0.850130	0.851149	0.868222	0.878521	0.917161	0.952958	0.996726	1.036912	1.071067	1.099632	1.123058
0.810064	0.838727	0.859378	0.870816	0.875065	0.889908	0.898341	0.902631	0.941895	0.996291	1.042590	1.081517	1.113670	1.139539	1.159735
0.669950	0.675312	0.731502	0.770970	0.796729	0.812215	0.825003	0.867029	0.902652	0.934852	0.963579	0.991195	1.021044	1.051976	1.078578
0.789685	0.821066	0.844647	0.858094	0.858546	0.867594	0.879521	0.904358	0.942647	0.986671	1.028912	1.064913	1.095088	1.119905	1.139848
0.743321	0.779521	0.813195	0.836904	0.851493	0.858941	0.865352	0.877526	0.884184	0.924748	0.976857	1.021786	1.059957	1.091852	1.117987
0.859144	0.891107	0.914195	0.927077	0.932022	0.930739	0.936421	0.940956	0.948622	0.997296	1.046628	1.090098	1.126068	1.155163	1.178266
0.771609	0.804196	0.831856	0.849785	0.858125	0.855432	0.872254	0.880894	0.918007	0.959891	1.005810	1.045209	1.078500	1.106149	1.128634
0.803199	0.833953	0.854866	0.865088	0.867248	0.882140	0.919640	0.955744	0.987426	1.015171	1.050217	1.082172	1.109115	1.131363	1.149337
0.879435	0.875910	0.882417	0.883771	0.891662	0.899415	0.902601	0.955325	1.006310	1.049734	1.086240	1.116314	1.140525	1.159442	1.173645
0.749328	0.798900	0.837309	0.861703	0.875254	0.880426	0.879015	0.899510	0.939281	0.973927	1.004067	1.030652	1.064288	1.094612	1.120106
0.672690	0.720950	0.756781	0.778902	0.790867	0.810395	0.827560	0.858306	0.896290	0.935842	0.977478	1.014290	1.045947	1.072786	1.095174
0.765528	0.800947	0.828025	0.845093	0.854555	0.858134	0.872425	0.880182	0.916525	0.966342	1.012083	1.051107	1.083879	1.110901	1.132686
0.781672	0.819189	0.848134	0.866041	0.875375	0.878008	0.893251	0.900575	0.905753	0.959979	1.011450	1.055108	1.091727	1.121778	1.145801
0.750557	0.736218	0.763058	0.781731	0.790596	0.812245	0.834530	0.853532	0.875265	0.930303	0.980299	1.022731	1.058184	1.087246	1.110512
0.770936	0.816704	0.857606	0.885418	0.902566	0.911299	0.909624	0.911662	0.920002	0.938916	0.978501	1.025032	1.067570	1.103183	1.132540
0.716940	0.771198	0.812089	0.836952	0.849831	0.853882	0.862057	0.876236	0.906961	0.944211	0.979825	1.021960	1.058115	1.088629	1.113937
0.834900	0.866482	0.889580	0.902979	0.908812	0.902296	0.915331	0.920695	0.951989	0.995583	1.042963	1.082969	1.116162	1.143337	1.164841
0.858381	0.891362	0.916125	0.927020	0.929520	0.925462	0.920370	0.942920	0.982315	1.016299	1.045118	1.074961	1.108294	1.135994	1.158525
0.718171	0.762636	0.806151	0.833049	0.847158	0.851937	0.860842	0.875154	0.902973	0.940757	0.977663	1.020309	1.056890	1.087747	1.113314
0.959665	0.981123	0.994471	0.999197	0.997181	0.984915	0.987541	0.987613	1.019237	1.064246	1.106361	1.146147	1.178449	1.203914	1.223189
0.875339	0.883206	0.886576	0.900693	0.907297	0.924114	0.973324	1.023450	1.065902	1.101333	1.130388	1.153498	1.171258	1.184280	1.193192
0.904729	0.892473	0.905623	0.919833	0.925829	0.925341	0.931044	0.943089	0.948267	0.971465	1.027142	1.076921	1.118236	1.151854	1.178579
0.903153	0.917596	0.933007	0.947422	0.954997	0.953834	0.939996	0.948024	0.959827	1.000509	1.037254	1.079531	1.116512	1.146906	1.171274
0.726421	0.774890	0.811775	0.834637	0.847007	0.851345	0.865975	0.902614	0.938882	0.970815	0.999445	1.033371	1.066082	1.093841	1.117017
0.694294	0.728526	0.752231	0.777855	0.799993	0.815646	0.855683	0.898838	0.943725	0.983806	1.018509	1.048168	1.073142	1.093828	1.110622
0.698439	0.743212	0.776922	0.797235	0.807692	0.830325	0.859342	0.896755	0.930169	0.964472	1.001267	1.035435	1.064738	1.089498	1.110073
0.856542	0.875623	0.886591	0.889246	0.888132	0.908804	0.948476	0.983178	1.013098	1.042749	1.077662	1.107110	1.131636	1.151534	1.167249
0.817101	0.855333	0.884998	0.903406	0.913035	0.914757	0.912471	0.922061	0.931687	0.972588	1.019309	1.063416	1.100391	1.130858	1.155497
0.835448	0.850651	0.894678	0.934274	0.960055	0.974947	0.981394	0.980153	0.965275	0.970583	0.973324	1.015442	1.054522	1.094620	1.133085
0.800077	0.850320	0.889980	0.915766	0.930981	0.938013	0.933546	0.930815	0.938915	0.959537	0.998637	1.040464	1.083054	1.118582	1.147618
