10.1 11
11 12
12 13.1
12.3 13.2
13.2 14.2
14.2 15.3
16.5 19.5
12.7 13.7
13.7 14.8
14.8 15.8
9.2 10.2
15.7 16.7
16.7 17.7
17.7 18.9
15.7 16.7
16.7 18.8
18.8 19.9
12.1 13.1
13.1 15.2
15.2 16.3
15.5 16.5
14 15
20.9 21.9
21.9 22.9
17.2 20.4
14.5 15.6
15.6 17.2
11.8 13.5
13.5 14.9
10.4 11.5
11.5 12.5
12.5 13.4
19.2 21.3
23.7 24.9
24.9 26.2
10.6 11.5
11.5 12.4
12.4 13.4
24.2 25.6
18.6 19.7
19.7 20.8
20.8 21.8
24.5 25.5
24.2 25.6
10.1 11.2
11.2 12.2
12.2 13.2
14.6 15.6
15.6 16.7
16.7 17.6
13.8 14.9
14.9 16.1
16.1 17
16.5 17.9
17.9 18.9
18.9 20
22.5 24.1
24.1 25.3
12.6 13.6
10.5 11.6
11.6 12.7
12.7 13.8
13.7 14.8
14.8 16
16 17.1
9.4 10.6
10.6 11.7
11.7 12.8
14.7 15.6
15.6 16.6
16.6 17.9
14.6 15.6
22.6 24.3
15.1 16.5
16.5 17.6
17.6 18.6
21.8 22.7
22.7 23.8
23.8 24.8
12.4 13.9
13.9 15.8
11.9 13.2
13.2 14.4
14.4 15.6
21.8 25.1
17.6 18.5
18.5 20.6
20.6 21.9
23.5 24.5
11.6 12.5
12.5 13.7
13.7 14.8
15.2 16.3
16.3 17.5
17.5 18.4
18.1 19.4
19.4 20.5
20.5 21.5
13.2 14.3
14.3 15.5
15.5 17.4
11 12
12 13.3
13.3 14.3
9.1 10.2
10.2 11.6
11.6 12.6
13.8 14.9
14.9 16.1
16.1 17.1
18.2 19.2
19.2 21.3
21.3 22.2
11.7 12.8
12.8 13.9
13.9 14.9
9.6 10.7
10.7 11.8
11.8 12.8
17.2 18.7
18.7 19.9
19.9 21.1
9.6 10.3
10.3 11.9
11.9 13.5
9.1 10.5
10.5 11.8
11.8 12.5
16.1 17.3
17.3 18.6
10.1 11.2
11.2 12.3
12.3 13.3
17.8 19.4
19.4 20.5
16.6 17.7
17.7 19.3
21.1 21.9
15.3 18.5
18.5 19.4
18.5 21.3
12.3 13.3
13.3 15.2
15.2 16.4
18.4 19.5
19.5 20.4
20.4 21.5
15.1 16.1
16.1 18.2
18.2 19.1
19.2 21.2
21.2 22.3
20.2 21.1
19.2 21.8
21.8 23
18.2 19.3
19.3 20.3
21.5 24.6
19.6 20.7
20.7 21.7
21.7 22.6
21.8 24.9
19.3 21.5
12.9 13.9
13.9 14.8
20.4 21.5
21.5 22.9
15 16
16 17
17 18
18.4 19.6
19.6 20.7
20.7 21.7
24 25
19.3 20.3
13.2 14.3
14.3 15.5
23.3 24.3
24.3 25.3
22.7 23.8
23.8 24.7
24.7 25.8
20.8 21.8
21.3 22.5
22.5 23.4
13.4 14.5
21.2 22.4
22.4 23.3
22.3 23.6
23.6 24.6
10.6 11.6
11.6 12.6
12.6 13.6
17.6 18.6
18.6 20.1
11.9 13.6
13.6 15
15.8 17.5
17.5 19
23.2 25.1
15.5 16.6
16.6 17.9
10.5 11.7
11.7 12.7
12.7 13.6
12.6 13.8
13.8 14.9
14.9 16
15.6 16.7
16.7 17.8
9.7 12.6
15.6 16.7
16.7 18.5
12.1 13.2
13.2 14.2
14.2 15.2
11.5 12.6
12.6 13.7
13.7 14.7
13.2 14.3
14.3 15.5
15.5 16.5
9.9 11.1
11.1 12.3
12.3 13.2
14.6 15.8
15.8 16.9
16.9 18
10 10.9
10.9 11.9
9.5 11.2
11.2 12.2
12.2 13
14.2 15.8
15.8 16.9
16.9 17.8
10.1 11.2
11.2 12.3
12.3 13.3
9.5 10.6
10.6 12.2
9.3 10.3
10.3 11.4
11.4 12.5
13.7 15.4
15.4 16.6
23.1 24.8
24.8 25.8
13.3 14.4
14.4 15.3
14.5 15.5
15.5 16.5
15.5 17.5
12.5 14.7
12.2 14.5
13.3 14.3
14.3 16.4
10.6 11.6
11.6 12.8
12.8 13.7
10.1 11.1
11.1 12.3
12.3 13.2
13.6 14.4
14.4 15.5
15.5 16.5
15.2 17.3
18.5 19.2
12 13.5
13.5 14.5
14.2 15.3
15.3 16.4
10.6 12.7
12.7 13.7
11.6 12.8
12.8 13
16.2 18.3
12.2 13.8
18.5 19.6
19.6 20.6
20.6 21.6
17.1 18.3
18.3 19.5
14.9 15.8
15.8 17.2
14.9 15.9
15.9 17.2
10.2 11.1
14.3 15.4
15.4 16.4
16.4 17.3
10.6 11.8
11.8 12.8
9.6 10.8
10.8 11.9
17.3 18.3
23.4 24.4
24.4 25.3
10.9 11.9
9.3 11.2
24.5 25.5
8.9 9.9
9.9 10.9
11.6 12.8
22.7 23.8
14.6 15.7
15.6 16.8
13 14.2
14.2 15
9.3 10.3
10.3 11.3
9.3 10.3
10.9 11.9
10.3 11.4
17.6 18.8
14.9 16.1
9.1 10.1
