11.2 12.2
12.2 13.2
13.2 14.3
12.7 13.8
13.8 14.8
14.8 15.8
10.9 11.9
11.9 12.9
12.9 13.9
12.4 13.5
12.6 13.6
13.6 14.6
14.6 15.6
11.2 12.2
14.7 15.9
15.9 16.5
16.5 17.8
12.8 13.8
13.8 14.8
14.8 15.8
11.8 12.8
12.8 13.8
13.8 14.8
23.2 24.6
15.5 16.7
16.7 17.8
17.8 18.8
11.2 12.5
12.5 13.6
13.6 14.5
10.7 11.6
11.6 12.6
12.6 13.6
9.8 10.7
10.7 11.7
11.7 12.8
10.9 11.9
11.9 13.1
13.1 13.9
15.2 16.2
16.2 17.2
17.2 18.3
17.2 18.1
18.1 19.2
19.2 20.2
10 11.2
11.2 12.2
12.2 13.3
13.5 14.5
9.7 10.6
10.6 11.6
11.6 12.6
14.3 15.5
15.5 16.4
16.4 17.9
10.1 11.2
11.2 12.1
12.1 13.1
15.5 16.5
16.5 17.5
17.5 18.5
13.3 14.5
14.5 15.4
15.4 16.4
11.2 12.2
12.2 13.2
13.2 14.3
9.3 10.3
10.3 11.4
11.4 12.4
15.9 16.9
16.9 18.2
18.2 19.3
20.1 21.2
21.2 22.8
22.8 23.9
12.7 13.6
13.6 14.6
14.6 15.9
12.6 13.5
13.5 14.6
14.6 15.5
10.7 11.6
11.6 12.6
12.6 13.7
11.2 12.7
12.7 13.8
13.8 14.9
18.1 21.5
17.8 19.5
19.5 21.5
17.6 20.8
18.9 20.3
20.3 21.3
21.3 22.4
17.3 18.5
18.5 19.6
19.6 20.5
14.8 15.6
15.6 16.9
16.9 17.9
11.6 12.7
12.7 14.1
14.1 15.1
9.6 10.9
10.9 12.2
12.2 13.2
15.9 17.1
17.1 18.2
18.2 19.2
21.5 22.5
22.5 23.6
23.6 24.6
15.2 16.9
16.9 17.1
17.1 18.2
22.3 23.5
23.5 24.7
24.7 25.7
9.5 10.7
10.7 11.1
11.1 13
12.2 13.8
15.2 16.5
16.5 18.3
16.6 17.7
17.7 18.8
18.8 19.9
18.9 19.9
19.9 21.5
9.7 10.6
9.7 10.6
18.2 19.3
11 12.1
12.1 13.1
13.1 14.2
17.8 18.9
18.9 19.9
19.9 21
16.3 17.6
17.6 18.6
18.6 19.7
21.3 22.1
18.4 20.3
20.3 21.4
23.4 24.6
24.6 25.8
18.6 19.7
19.7 21.4
21.2 22.5
20.4 21.4
21.4 22.6
13.4 14.4
14.4 15.4
15.4 16.4
24.2 25.2
18.7 19.6
19.6 20.7
20.7 21.8
23.2 24.2
24.2 25.2
15.1 16.2
16.2 17.2
17.2 18.2
10.2 11.3
11.3 12.5
12.5 13.5
14.8 15.9
15.9 17
17 18
21.3 23.8
17.4 18.5
18.6 19.9
19.9 20.8
20.8 21.9
14.6 15.8
15.8 16.6
16.6 17.8
24.6 25.7
13.4 14.6
14.6 15.7
11.1 12.2
12.2 13.2
13.2 14.2
17.3 18.9
19.2 21.6
21.2 22.9
22.9 24.2
12.6 14.3
14.3 15.4
15.4 16.1
11 12.9
12.9 13.9
8.8 11.5
13.7 15.7
9 10.9
10.9 12.1
12.1 13
11.8 12.8
12.8 13.9
10.3 11.2
11.2 12.3
12.3 13.6
13.6 16.4
9.7 11.3
11.3 12.3
22.7 23.9
23.9 25.1
11.8 13.2
21 22.2
20.2 21.3
21.3 22.7
14.3 15.6
15.6 16.6
20.1 21.1
21.1 22.3
19.8 21
19.4 20.4
20.4 21.5
17 18.2
18.2 19.2
18.7 19.8
19.8 20.8
16.1 17
17 18.2
15.8 16.8
19.4 20.4
18.2 19.1
19.1 20.2
19.4 21.4
19.3 20.4
14.4 15.5
18.8 19.8
19.8 20.9
15.1 16.1
16.1 17.1
12.2 13.3
13.3 14.3
15.8 16.9
16.9 18
16 17
15.6 16.7
14.7 16.1
9.2 10.3
10.3 11.5
13.9 15.4
15.4 16.4
9.1 10.1
11.1 12.1
12.1 13.1
11.4 12.4
12.4 13.4
10.7 11.7
9.8 10.7
11.2 12.3
16.9 17
9.8 10.5
16.8 17.8
14.3 15.3
13.3 14
11.8 12.8
9.1 10.1
8.8 9.8
