0.833 0.914
0.914 1.115
1.115 1.209
0.945 1.027
1.027 1.072
1.072 1.128
1.028 1.046
0.729 0.807
0.807 0.891
0.891 0.904
0.797 0.822
1.066 1.085
1.085 1.098
1.098 1.067
1.095 1.135
1.135 1.17
1.17 1.179
0.706 0.83
0.83 0.953
0.953 0.961
0.982 1.019
0.946 0.963
1.109 1.074
1.074 1.081
1.01 1.045
1.01 1.048
1.048 1.02
0.72 0.83
0.83 0.884
0.627 0.647
0.647 0.722
0.722 0.788
1.133 1.142
1.327 1.3
1.3 1.316
0.672 0.648
0.648 0.716
0.716 0.811
0.966 0.96
1.094 1.126
1.126 1.127
1.127 1.139
1.025 1.082
0.99 0.999
0.805 0.913
0.913 1.067
1.067 1.128
1.184 1.219
1.219 1.207
1.207 1.16
1.065 1.145
1.145 1.182
1.182 1.189
1.104 1.107
1.107 1.105
1.105 1.142
1.145 1.144
1.144 1.154
0.932 0.972
0.725 0.808
0.808 0.929
0.929 0.983
0.932 0.995
0.995 1.008
1.008 1.04
0.711 0.766
0.766 0.884
0.884 1.051
0.85 0.9
0.9 0.924
0.924 0.913
0.997 1.007
0.847 0.832
1.038 1.033
1.033 1.068
1.068 1.066
0.972 0.989
0.989 0.996
0.996 0.983
0.981 1.087
1.087 1.171
0.631 0.749
0.749 0.883
0.883 0.933
1.071 1.107
1.075 1.09
1.09 1.09
1.09 1.144
0.954 0.959
0.694 0.778
0.778 0.927
0.927 0.994
1.01 1.002
1.002 0.991
0.991 1.003
1.269 1.24
1.24 1.277
1.277 1.256
0.964 1.032
1.032 1.103
1.103 1.159
0.751 0.799
0.799 0.937
0.937 1.04
0.718 0.797
0.797 0.925
0.925 0.934
0.935 1.011
1.011 1.044
1.044 1.056
0.894 0.894
0.894 0.92
0.92 0.913
0.788 0.851
0.851 1.018
1.018 1.029
0.684 0.691
0.691 0.708
0.708 0.722
1.016 1.042
1.042 1.067
1.067 1.059
0.631 0.638
0.638 0.697
0.697 0.87
0.56 0.563
0.563 0.585
0.585 0.633
0.931 0.909
0.909 0.929
0.659 0.628
0.628 0.671
0.671 0.718
0.94 0.965
0.965 0.962
0.922 0.971
0.971 0.971
1.074 1.07
1.092 1.109
1.109 1.126
1.133 1.173
1.043 1.127
1.127 1.158
1.158 1.173
1.136 1.121
1.121 1.136
1.136 1.145
1.237 1.259
1.259 1.343
1.343 1.316
1 1.003
1.003 1.043
0.962 0.959
0.982 1.002
1.002 0.99
1.22 1.262
1.262 1.264
0.959 0.928
1.161 1.151
1.151 1.14
1.14 1.157
0.839 0.839
0.935 0.948
0.862 0.903
0.903 0.906
0.91 0.922
0.922 0.933
1.146 1.189
1.189 1.187
1.187 1.196
1.227 1.211
1.211 1.229
1.229 1.255
1.161 1.156
1.132 1.155
0.69 0.793
0.793 0.831
1.028 1.066
1.066 1.054
1.06 1.054
1.054 1.059
1.059 1.05
1.078 1.076
1.071 1.045
1.045 1.052
1.119 1.145
1.143 1.167
1.167 1.125
1.18 1.165
1.165 1.169
0.905 1.014
1.014 1.03
1.03 1.057
1.003 0.997
0.997 0.974
1.067 1.182
1.182 1.176
1.091 1.091
1.091 1.054
1.091 1.017
1.016 0.992
0.992 0.979
0.617 0.682
0.682 0.738
0.738 0.86
0.998 1.134
1.134 1.192
1.192 1.243
0.867 0.95
0.95 1.024
0.647 0.752
0.982 1.02
1.02 0.987
0.776 0.879
0.879 0.937
0.937 0.954
1 1.048
1.048 1.047
1.047 1.086
0.938 1.048
1.048 1.049
1.049 1.05
0.678 0.757
0.757 0.833
0.833 0.938
0.888 0.918
0.918 0.924
0.924 0.935
0.772 0.888
0.888 0.987
0.674 0.707
0.707 0.719
0.719 0.806
0.987 1.027
1.027 1.029
1.029 1.052
0.756 0.796
0.796 0.907
0.907 0.965
0.806 0.906
0.906 1.121
0.554 0.608
0.608 0.591
0.591 0.595
0.954 0.94
0.94 0.955
1.037 1.05
1.05 0.993
0.99 1.027
1.027 1.058
1.363 1.398
1.398 1.415
0.967 0.971
0.966 1.104
0.824 0.902
0.931 0.981
0.981 0.966
0.736 0.752
0.752 0.797
0.797 0.912
0.772 0.843
0.843 1.036
1.036 1.137
1.219 1.246
1.246 1.264
1.264 1.293
1.142 1.206
1.235 1.243
0.746 0.911
0.911 0.953
1.176 1.217
1.217 1.257
0.846 0.923
0.923 1.068
0.936 1.091
1.091 1.177
0.999 1.002
1.035 1.22
0.942 0.958
0.958 0.952
0.952 0.952
1.063 1.062
1.062 1.045
1.004 1.068
1.068 1.067
0.903 0.893
0.893 0.909
0.847 0.955
1.017 1.07
1.07 1.08
1.08 1.089
0.775 0.862
0.862 0.96
0.702 0.761
0.761 0.875
1.208 1.194
1.181 1.17
1.17 1.169
0.931 1.048
0.769 0.898
1.247 1.258
0.707 0.712
0.712 0.775
0.775 0.883
1.119 1.091
1.081 1.097
1.031 1.046
1.199 1.271
1.271 1.275
0.715 0.785
0.785 0.933
0.541 0.568
0.831 0.91
0.829 0.942
1.239 1.21
1.253 1.251
0.635 0.653
