0.719 0.732
0.732 0.776
0.776 0.781
0.62 0.627
0.627 0.759
0.759 0.79
0.641 0.622
0.622 0.618
0.618 0.653
0.762 0.925
0.686 0.699
0.699 0.751
0.751 0.794
0.656 0.652
0.871 0.933
0.933 0.941
0.941 0.993
0.808 0.919
0.919 0.978
0.978 0.964
0.834 0.89
0.89 1.018
1.018 1.086
1.14 1.173
1.036 1.083
1.083 1.036
1.036 1.061
0.783 0.817
0.817 0.885
0.885 1.009
0.721 0.747
0.747 0.791
0.791 0.814
0.575 0.576
0.576 0.581
0.581 0.599
0.64 0.669
0.669 0.723
0.723 0.816
1.056 1.1
1.1 1.119
1.119 1.079
1.064 1.119
1.119 1.203
1.203 1.218
0.674 0.686
0.686 0.708
0.708 0.725
0.701 0.735
0.576 0.607
0.607 0.679
0.679 0.755
0.931 1.046
1.046 1.174
1.174 1.247
0.752 0.773
0.773 0.786
0.786 0.838
0.646 0.681
0.681 0.75
0.75 0.796
0.673 0.653
0.653 0.666
0.666 0.726
0.564 0.574
0.574 0.567
0.567 0.565
0.718 0.765
0.765 0.791
0.791 0.867
1.07 1.067
1.067 1.094
1.094 1.088
1.006 1.03
1.03 1.014
1.014 1.015
0.581 0.605
0.605 0.596
0.596 0.677
0.788 0.861
0.861 1.029
1.029 1.086
0.682 0.711
0.711 0.776
0.776 0.922
0.627 0.788
0.788 0.901
0.901 0.943
1.056 0.99
0.951 0.969
0.969 0.992
1.153 1.251
1.126 1.118
1.118 1.159
1.159 1.18
0.916 0.932
0.932 0.911
0.911 0.925
1.107 1.181
1.181 1.256
1.256 1.285
0.739 0.761
0.761 0.886
0.886 0.955
0.65 0.715
0.715 0.776
0.776 0.839
0.946 0.971
0.971 0.979
0.979 0.986
0.779 0.806
0.806 0.778
0.778 0.771
0.97 1.081
1.081 1.088
1.088 1.179
1.05 1.046
1.046 1.02
1.02 1.021
0.722 0.765
0.765 0.791
0.791 0.849
0.74 0.859
0.858 0.906
0.906 0.993
1.001 1.005
1.005 0.979
0.979 1.003
1.239 1.234
1.234 1.224
0.688 0.713
0.687 0.723
0.988 0.969
0.613 0.643
0.643 0.733
0.733 0.854
1.015 1.011
1.011 0.995
0.995 1.039
1.047 1.066
1.066 1.055
1.055 1.073
1.309 1.284
1.053 1.066
1.066 1.08
1.005 1.037
1.037 1.039
1.065 1.039
1.039 1.08
1.075 1.082
1.206 1.2
1.2 1.225
0.849 0.886
0.886 0.976
0.976 1.004
1.344 1.386
0.924 0.946
0.946 0.936
0.936 0.902
1.045 1.029
1.029 1.032
0.793 0.909
0.909 1.006
1.006 1.052
0.681 0.713
0.713 0.75
0.75 0.753
0.836 0.926
0.926 0.954
0.954 0.987
1.161 1.155
1.065 1.074
1.017 1.001
1.001 1.046
1.046 1.065
0.838 0.916
0.916 0.96
0.96 1.027
0.914 0.94
0.667 0.675
0.675 0.756
0.702 0.703
0.703 0.734
0.734 0.79
0.944 0.977
1.033 1.051
0.94 0.931
0.931 0.914
0.643 0.738
0.738 0.826
0.826 0.91
0.629 0.694
0.694 0.79
0.797 0.891
0.961 1.074
0.754 0.777
0.777 0.81
0.81 0.806
0.722 0.738
0.738 0.754
0.704 0.732
0.732 0.745
0.745 0.792
1.141 1.27
0.793 0.808
0.808 0.842
0.916 0.935
0.935 0.919
0.642 0.787
1.024 1.033
0.849 0.815
0.815 0.833
1.051 1.22
1.22 1.334
0.983 1.01
1.01 0.969
1.252 1.205
0.934 0.967
0.967 0.984
0.886 0.965
0.965 0.99
0.834 0.86
0.86 0.822
0.744 0.815
0.815 0.934
0.866 0.897
1.426 1.443
0.872 0.91
0.91 0.964
0.789 0.821
1.129 1.156
0.832 0.969
1.194 1.224
1.224 1.203
1.021 1.046
1.046 1.078
0.859 0.877
0.877 0.928
0.86 0.869
0.869 0.859
0.965 1.026
0.989 1.039
0.965 1.014
0.627 0.642
0.642 0.693
0.98 1.053
1.053 1.04
0.589 0.599
0.782 0.873
0.873 0.97
0.69 0.71
0.71 0.746
0.624 0.584
0.621 0.627
0.671 0.669
0.847 0.848
0.71 0.711
1.071 1.057
0.76 0.863
0.782 0.837
0.7 0.762
0.657 0.649
0.601 0.611
